Initial Matrix: 
/  1.08e+07    1.4e+07   1.79e+08   1.69e+09  -1.87e+08  -1.95e+08  -1.69e+09  -2.41e+07 \
|   1.4e+07   1.16e+08   1.27e+09   1.27e+10  -6.67e+08  -1.22e+09  -1.28e+10   5.04e+07 |
|  1.79e+08   1.27e+09   1.61e+10    1.6e+11   -9.6e+09  -1.48e+10  -1.63e+11   1.39e+09 |
|  1.69e+09   1.27e+10    1.6e+11    1.6e+12  -9.46e+10  -1.47e+11  -1.62e+12   1.42e+10 |
| -1.87e+08  -6.67e+08   -9.6e+09  -9.46e+10   1.77e+10   8.06e+09   9.81e+10  -1.61e+09 |
| -1.95e+08  -1.22e+09  -1.48e+10  -1.47e+11   8.06e+09   1.39e+10   1.49e+11  -8.52e+08 |
| -1.69e+09  -1.28e+10  -1.63e+11  -1.62e+12   9.81e+10   1.49e+11   1.65e+12   -1.5e+10 |
\ -2.41e+07   5.04e+07   1.39e+09   1.42e+10  -1.61e+09  -8.52e+08   -1.5e+10   5.91e+08 /

Vector y: 
/    1.82\
|   -2.41|
|    -4.1|
|   -4.03|
|    1.67|
|    1.12|
|  -0.893|
\   -1.94/

Vector b: 
/-6.54e+09\
|-4.76e+10|
|-6.05e+11|
|-6.02e+12|
|3.75e+11|
|5.53e+11|
|6.12e+12|
\-5.43e+10/

Inverse Matrix: 
/    0.0773        5.6       1.77       -3.8      0.401      -13.5      -2.23       11.7 \
|      5.61    2.4e+03        782  -1.63e+03        172  -5.71e+03       -958   4.94e+03 |
|      1.77        782        255       -531         56  -1.86e+03       -312   1.61e+03 |
|      -3.8  -1.63e+03       -531   1.11e+03       -117   3.88e+03        651  -3.36e+03 |
|     0.402        172         56       -117       12.3       -409      -68.5        354 |
|     -13.5  -5.71e+03  -1.86e+03   3.88e+03       -409   1.36e+04   2.28e+03  -1.18e+04 |
|     -2.23       -958       -312        651      -68.5   2.28e+03        382  -1.97e+03 |
\      11.7   4.94e+03   1.61e+03  -3.36e+03        354  -1.18e+04  -1.97e+03   1.02e+04 /

Condition number: 1.47e+17
Gauss: 
/    1.82\
|   -3.37|
|   -4.41|
|   -3.38|
|     1.6|
|     3.4|
|  -0.511|
\   -3.91/

Gauss column: 
/    1.83\
|   -1.99|
|   -3.96|
|   -4.32|
|     1.7|
|   0.105|
|   -1.06|
\   -1.06/

LUP factorization: 
LU: 
/  1.69e+09   1.27e+10    1.6e+11    1.6e+12  -9.46e+10  -1.47e+11  -1.62e+12   1.42e+10 \
|    -0.998  -1.38e+08  -2.82e+09  -2.83e+10   3.75e+09   2.03e+09   2.96e+10  -8.51e+08 |
|    -0.116      -1.74  -1.16e+09  -1.15e+10   3.66e+09   5.03e+08   1.27e+10  -6.99e+08 |
|     0.106      0.493     -0.482   2.85e+06   3.09e+08   -1.9e+07   5.03e+07   -2.2e+07 |
|   0.00829    -0.0816       0.25      -1.33  -8.45e+07   8.52e+06  -1.77e+07   9.35e+06 |
|    -0.111      -5.33       5.94       14.1      -12.1  -1.34e+05   1.19e+05  -1.32e+05 |
|   -0.0142      -1.67      0.905   -0.00524    -0.0668    -0.0348    -0.0291   -0.00555 |
\   0.00637      0.483      -0.45      0.872      0.203     0.0785       -871     0.0853 /

P: 
/         0          0          0          1          0          0          0          0 \
|         0          0          0          0          0          0          1          0 |
|         0          0          0          0          0          1          0          0 |
|         0          0          1          0          0          0          0          0 |
|         0          1          0          0          0          0          0          0 |
|         0          0          0          0          1          0          0          0 |
|         0          0          0          0          0          0          0          1 |
\         1          0          0          0          0          0          0          0 /

LUP solution: 
/    1.82\
|   -2.15|
|   -4.01|
|   -4.21|
|    1.69|
|   0.479|
|      -1|
\   -1.39/

SOR: 
/    -240\
|    -183|
|   -12.6|
|  -0.295|
|   -2.32|
|  -0.201|
|   0.208|
\   -50.8/

-----------------NORM(SOLUTION - PRECISE)------------------
Gauss norm: 6.62
GaussCol norm: 2.95
LUP norm: 1.86
LDLT norm: 13.9
SOR norm: 490
